# 禁用默认 simp 定理集后失败的题目索引 (从1开始)
# useDefaultSimpSet=false 失败但默认配置成功的题目

总数: 1986

索引列表:


3
6
13
19
22
24
29
40
44
47
48
49
55
56
59
67
71
73
77
78
83
85
91
97
98
102
110
115
116
122
124
128
129
132
134
136
148
149
154
155
158
160
164
168
175
176
177
178
188
203
225
239
257
276
283
291
293
298
299
303
313
317
320
321
325
326
333
334
335
336
337
338
339
341
347
348
349
350
351
353
354
360
362
368
369
380
381
384
387
396
403
405
413
433
437
439
445
448
450
453
460
464
468
474
477
479
483
485
491
493
496
505
509
510
515
519
530
543
553
556
577
578
587
608
615
616
626
632
640
642
658
663
665
681
685
695
699
704
724
727
728
734
739
761
765
766
771
780
785
792
800
802
803
811
817
819
828
852
862
898
909
914
923
932
933
955
958
962
963
969
970
971
972
980
981
983
984
986
987
996
997
1013
1020
1026
1060
1069
1070
1071
1072
1073
1074
1075
1079
1080
1082
1083
1084
1085
1086
1087
1090
1092
1094
1095
1097
1098
1099
1101
1105
1108
1111
1112
1114
1116
1117
1124
1125
1128
1129
1134
1135
1136
1138
1140
1141
1144
1146
1147
1149
1151
1152
1157
1174
1180
1181
1182
1183
1184
1187
1193
1197
1198
1199
1204
1207
1212
1230
1231
1232
1234
1236
1241
1252
1260
1262
1267
1271
1274
1280
1281
1282
1289
1290
1291
1293
1297
1307
1308
1309
1310
1311
1312
1323
1331
1335
1337
1346
1353
1354
1366
1367
1375
1401
1402
1410
1419
1420
1442
1492
1522
1545
1575
1580
1581
1617
1618
1623
1624
1630
1631
1632
1633
1634
1637
1640
1642
1643
1645
1650
1657
1661
1667
1687
1690
1723
1732
1757
1758
1873
1921
1954
1963
1988
1989
1990
1992
2014
2024
2026
2033
2039
2040
2042
2043
2044
2045
2052
2072
2078
2081
2084
2099
2100
2105
2112
2116
2117
2119
2120
2128
2131
2132
2134
2135
2139
2141
2143
2145
2146
2147
2149
2153
2154
2155
2156
2160
2161
2168
2175
2176
2179
2183
2187
2189
2206
2207
2208
2214
2215
2223
2224
2241
2246
2249
2260
2264
2272
2274
2277
2281
2302
2322
2325
2359
2364
2365
2366
2369
2370
2383
2387
2397
2404
2406
2412
2414
2431
2443
2452
2457
2460
2469
2473
2480
2490
2495
2497
2503
2506
2513
2530
2539
2547
2549
2562
2589
2602
2603
2605
2630
2637
2641
2649
2653
2659
2662
2667
2668
2670
2674
2696
2712
2718
2719
2750
2751
2754
2781
2785
2787
2789
2790
2791
2803
2804
2812
2814
2819
2830
2831
2838
2843
2852
2853
2854
2861
2862
2863
2864
2865
2866
2869
2870
2872
2874
2883
2884
2885
2924
2925
2943
2957
2980
2987
2990
2996
2997
3012
3026
3047
3054
3058
3064
3070
3082
3085
3086
3087
3090
3091
3106
3110
3118
3130
3134
3144
3146
3149
3150
3156
3167
3170
3173
3176
3179
3184
3185
3186
3190
3201
3202
3205
3207
3217
3218
3244
3250
3256
3266
3274
3321
3328
3338
3382
3387
3402
3435
3439
3453
3476
3482
3488
3528
3530
3557
3579
3597
3598
3608
3612
3616
3625
3643
3669
3670
3679
3682
3702
3724
3736
3759
3805
3820
3834
3856
3872
3876
3879
3880
3896
3898
3901
3904
3940
3946
3949
3950
3951
3952
3972
3976
4025
4028
4054
4063
4083
4088
4109
4110
4120
4121
4123
4124
4129
4157
4175
4176
4190
4192
4207
4212
4217
4223
4237
4260
4291
4305
4306
4307
4329
4333
4341
4349
4358
4365
4378
4379
4386
4387
4391
4413
4426
4428
4434
4442
4505
4561
4588
4603
4605
4617
4650
4666
4667
4672
4691
4708
4739
4764
4773
4777
4792
4799
4801
4807
4814
4828
4833
4835
4836
4842
4850
4856
4857
4860
4892
4903
4920
4922
4934
4942
4949
4955
4956
4962
4973
4990
4991
5007
5008
5010
5028
5064
5086
5104
5114
5115
5116
5173
5191
5196
5232
5248
5252
5253
5261
5279
5297
5326
5347
5351
5358
5359
5364
5370
5413
5414
5418
5421
5422
5424
5425
5426
5429
5430
5431
5432
5435
5441
5445
5450
5452
5453
5454
5456
5458
5459
5467
5468
5470
5471
5472
5475
5476
5477
5483
5484
5485
5495
5496
5499
5507
5531
5542
5544
5549
5551
5565
5570
5576
5577
5585
5590
5593
5620
5632
5634
5635
5639
5647
5650
5663
5666
5690
5695
5699
5703
5706
5714
5716
5717
5720
5723
5724
5727
5731
5736
5741
5747
5748
5753
5757
5765
5770
5772
5774
5776
5784
5786
5788
5805
5810
5814
5817
5823
5824
5839
5861
5862
5868
5876
5878
5879
5900
5901
5902
5924
5951
5953
5980
5981
5992
6000
6008
6014
6026
6030
6038
6039
6051
6054
6075
6092
6120
6127
6165
6237
6247
6298
6299
6302
6322
6327
6331
6343
6353
6358
6360
6361
6366
6373
6374
6385
6386
6397
6399
6402
6403
6405
6407
6413
6418
6419
6421
6422
6426
6432
6435
6437
6438
6441
6445
6449
6453
6458
6462
6464
6465
6467
6505
6521
6528
6535
6536
6538
6543
6544
6551
6555
6556
6557
6558
6563
6565
6568
6569
6570
6571
6575
6576
6577
6578
6579
6580
6584
6586
6587
6589
6590
6596
6597
6598
6599
6600
6601
6602
6603
6605
6606
6608
6609
6610
6611
6612
6613
6615
6616
6617
6618
6619
6620
6624
6625
6626
6627
6634
6635
6636
6637
6638
6639
6648
6649
6650
6651
6652
6653
6655
6656
6657
6658
6659
6660
6662
6675
6678
6681
6683
6684
6686
6688
6690
6708
6718
6726
6727
6739
6757
6758
6767
6768
6775
6776
6789
6804
6833
6838
6848
6855
6868
6885
6896
6899
6901
6902
6915
6919
6943
6954
6955
6963
6993
7021
7029
7034
7038
7044
7063
7070
7076
7080
7086
7091
7125
7139
7140
7141
7153
7159
7161
7173
7192
7201
7218
7223
7226
7232
7239
7241
7260
7273
7274
7276
7277
7283
7299
7302
7306
7307
7309
7312
7313
7318
7321
7331
7342
7344
7345
7363
7400
7413
7424
7431
7438
7467
7470
7483
7494
7496
7510
7614
7615
7624
7625
7626
7627
7628
7629
7630
7631
7632
7633
7635
7637
7668
7673
7677
7692
7693
7698
7723
7740
7744
7814
7823
7824
7834
7840
7880
7905
7926
7930
7958
8050
8133
8391
8393
8394
8395
8400
8401
8402
8403
8404
8405
8409
8410
8411
8412
8414
8416
8417
8418
8420
8422
8424
8425
8427
8431
8432
8433
8435
8436
8443
8470
8477
8479
8487
8488
8492
8503
8508
8510
8511
8515
8516
8517
8519
8521
8523
8524
8525
8528
8529
8531
8532
8534
8536
8537
8538
8540
8542
8543
8544
8547
8550
8551
8552
8555
8557
8558
8559
8561
8562
8563
8568
8569
8570
8573
8574
8577
8579
8580
8581
8583
8623
8628
8636
8640
8643
8648
8671
8678
8690
8692
8694
8697
8699
8704
8706
8709
8712
8714
8718
8720
8724
8728
8730
8733
8735
8737
8740
8742
8744
8748
8750
8752
8754
8757
8759
8761
8763
8765
8768
8771
8776
8778
8781
8785
8787
8797
8799
8820
8829
8836
8842
8851
8854
8856
8860
8867
8868
8876
8880
8882
8899
8920
9127
9128
9236
9237
9238
9240
9256
9257
9264
9266
9268
9269
9270
9271
9283
9284
9287
9288
9289
9290
9297
9298
9299
9300
9301
9305
9306
9307
9309
9310
9313
9318
9319
9323
9324
9329
9330
9332
9333
9334
9337
9338
9342
9365
9366
9369
9389
9393
9398
9405
9432
9443
9444
9468
9473
9474
9476
9487
9490
9499
9518
9520
9523
9527
9539
9546
9551
9552
9554
9555
9558
9560
9563
9564
9587
9598
9602
9603
9617
9624
9629
9637
9781
9788
9804
9811
9819
9820
9853
9860
9866
9873
9885
9905
9907
9910
9955
9956
9957
9958
9960
9966
9967
9968
9969
9970
9971
9973
9974
9976
9977
9978
9980
9981
9983
9985
9986
9987
10029
10030
10031
10032
10033
10039
10040
10049
10054
10056
10064
10086
10097
10110
10148
10168
10192
10209
10218
10231
10270
10278
10293
10294
10302
10317
10319
10327
10331
10337
10338
10339
10346
10349
10353
10368
10377
10380
10390
10395
10405
10407
10410
10420
10421
10425
10427
10441
10442
10453
10462
10465
10467
10472
10476
10479
10483
10485
10489
10493
10502
10503
10508
10511
10519
10525
10527
10528
10530
10532
10533
10534
10535
10536
10537
10540
10541
10544
10548
10550
10592
10634
10666
10667
10668
10671
10672
10673
10676
10677
10683
10684
10685
10686
10688
10689
10690
10691
10692
10694
10698
10699
10700
10703
10712
10716
10717
10718
10719
10720
10721
10724
10725
10788
10791
10809
10846
10865
10884
10896
10905
10941
10955
10985
11056
11060
11079
11080
11086
11089
11100
11105
11113
11133
11170
11195
11228
11312
11320
11323
11326
11328
11329
11330
11331
11332
11335
11337
11345
11357
11382
11437
11468
11477
11485
11507
11509
11512
11514
11518
11519
11522
11525
11526
11529
11530
11534
11535
11536
11538
11541
11543
11544
11545
11547
11549
11551
11553
11554
11556
11557
11559
11561
11564
11569
11570
11573
11574
11576
11577
11579
11580
11581
11582
11584
11585
11587
11588
11590
11594
11596
11598
11599
11604
11609
11611
11613
11615
11616
11618
11619
11621
11622
11627
11628
11630
11633
11634
11636
11638
11639
11640
11663
11668
11672
11677
11679
11686
11693
11819
11829
11832
11839
11878
11910
11916
11917
11928
11950
11973
11974
12074
12190
12195
12203
12236
12248
12253
12254
12260
12277
12293
12301
12305
12309
12310
12314
12316
12333
12357
12362
12368
12389
12390
12516
12522
12611
12624
12636
12641
12644
12650
12653
12654
12657
12672
12675
12678
12682
12683
12685
12696
12701
12709
12724
12740
12741
12744
12762
12772
12779
12782
12784
12789
12792
12794
12798
12799
12812
12815
12827
12836
12847
12848
12851
12858
12859
12861
12867
12871
12875
12880
12885
12888
12899
12900
12901
12902
12909
12911
12913
12915
12924
12930
12952
12962
12979
12982
12986
12991
13002
13003
13011
13032
13082
13083
13084
13212
13221
13223
13236
13240
13244
13272
13365
13366
13410
13424
13426
13428
13429
13446
13461
13462
13463
13472
13474
13475
13491
13495
13501
13502
13505
13518
13523
13535
13540
13542
13551
13552
13566
13571
13574
13581
13588
13592
13596
13602
13605
13610
13612
13619
13623
13631
13636
13639
13642
13645
13649
13655
13660
13666
13675
13679
13682
13686
13689
13692
13696
13699
13702
13708
13710
13714
13717
13721
13727
13763
13811
13816
13841
13845
13966
13999
14048
14071
14124
14163
14166
14170
14171
14172
14175
14182
14197
14198
14205
14206
14213
14221
14227
14228
14244
14245
14246
14247
14248
14250
14256
14260
14261
14262
14270
14279
14286
14287
14294
14306
14307
14310
14311
14314
14315
14318
14319
14320
14322
14323
14336
14337
14344
14345
14356
14357
14360
14361
14364
14365
14376
14377
14381
14382
14387
14388
14390
14392
14393
14395
14398
14399
14416
14417
14420
14429
14432
14433
14436
14437
14439
14440
14444
14446
14447
14452
14453
14465
14466
14469
14470
14471
14480
14482
14483
14484
14490
14491
14535
14539
14544
14698
14717
14719
14766
14768
14775
14781
14785
14787
14790
14791
14797
14798
14801
14805
14807
14809
14812
14823
14827
14828
14831
14833
14836
14837
14838
14842
14845
14849
14852
14853
14862
14868
14871
14875
14878
14880
14885
14902
14904
14914
14932
14933
14950
14967
14992
15032
15051
15063
15111
15155
15208
15355
15393
15433
15528
15529
15534
15556
15578
15579
15609
15644
15652
15656
15717
15727
15742
15774
15791
15809
15810
15811
15813
15814
15815
15816
15817
15819
15820
15821
15822
15823
15824
15825
15826
15827
15829
15830
15831
15832
15833
15834
15835
15837
15838
15839
15840
15842
15843
15844
15845
15846
15847
15848
15849
15850
15851
15852
15853
15854
15855
15856
15860
15861
15862
15863
15864
15865
15866
15868
15869
15870
15883
15889
15894
15897
15931
15939
15940
15941
15952
16061
16103
16161
16490
16507
16514
16526
16528
16530
16534
16543
16558
16566
16579
16580
16596
16627
