# 使用 aesop (config := { useDefaultSimpSet := false }) 仍无法证明的题目

总数: 358

852
962
963
969
970
971
972
980
981
983
984
986
996
997
1083
1084
1140
1152
1182
1193
1231
1232
1267
1281
1291
1293
1354
1624
1630
1631
1632
1633
1634
1637
1640
1642
1643
1657
1667
1990
1992
2026
2033
2045
2052
2189
2208
2246
2277
2452
2457
2469
2473
2490
2497
2503
2506
2513
2530
2539
2549
2562
2943
3186
3274
3387
3402
3557
3976
4349
4358
4365
4413
4426
4588
4672
4801
4814
4828
4833
4835
4842
4850
4856
4857
4860
4892
4903
4920
4934
4942
4956
5007
5028
5104
5173
5191
5358
5576
5577
5647
5695
5716
5717
5723
5724
5736
5747
5748
5753
5876
5879
5902
6039
6051
6075
6237
6247
6397
6402
6421
6422
6432
6465
6535
6726
6758
6855
6868
6885
7091
7173
7218
7232
7260
7273
7274
7302
7306
7312
7318
7342
7496
7614
7615
7740
7823
8508
8510
8516
8519
8523
8525
8534
8536
8543
8550
8551
8552
8557
8558
8559
8561
8562
8563
8568
8569
8573
8574
8577
8579
8580
8581
8583
8690
8692
8694
8697
8699
8704
8706
8709
8712
8714
8718
8720
8724
8728
8730
8733
8735
8737
8740
8742
8744
8748
8750
8752
8754
8757
8759
8761
8763
8765
8768
8771
8776
8778
8781
8785
8787
8797
8799
8899
9127
9128
9236
9269
9287
9288
9289
9290
9297
9332
9333
9520
9527
9554
9555
9629
9781
9811
9820
9860
9866
9873
9885
9905
9907
9910
9955
9956
9957
9958
9960
9966
9967
9968
9969
9970
9971
9973
9974
9976
9977
9980
9985
9986
9987
10209
10319
10337
10338
10368
10377
10405
10407
10410
10420
10425
10453
10462
10465
10467
10483
10493
10502
10508
10511
10525
10527
10530
10533
10666
10671
10672
10676
10677
10685
10686
10689
10691
10692
10694
10703
10712
10716
10717
10721
10725
10791
11100
11195
11228
11672
11677
11916
11917
11928
11973
11974
12522
12654
12672
12683
12696
12772
12782
12784
12789
12792
12794
12798
12799
12815
12847
12851
12861
12867
12871
12875
12880
12885
12888
12900
12901
12902
12909
12911
12930
13272
13366
13811
13816
13845
13999
14048
14950
15534
15609
15652
16507
16514
16528
16530
16534
16543
16596
